[Variables]
caselight = 'on'
mmu__revision = 1691
mmu_calibration_bowden_home = 'encoder'
mmu_calibration_bowden_lengths = [1041.5678950000001, 1041.5678950000001, 1041.5678950000001, 1041.5678950000001, 1041.5678950000001, 1041.5678950000001, 1041.5678950000001, 1041.5678950000001]
mmu_calibration_clog_length = 7.8
mmu_encoder_resolution = 0.972842
mmu_gear_rotation_distances = [23.255972, 23.321554, 23.452741, 23.330926, 23.34967, 23.312182, 23.452741, 23.433996]
mmu_selector_bypass = 178.31750000000002
mmu_selector_offsets = [3.2, 27.0, 49.3, 72.4, 95.4, 118.5, 141.6, 165.4]
mmu_state_enable_endless_spool = 0
mmu_state_endless_spool_groups = [0, 1, 2, 3, 4, 5, 6, 7]
mmu_state_filament_pos = 0
mmu_state_filament_remaining = 5.0
mmu_state_gate_color = ['42BFFF', 'FF0000', '000000', '000000', '', '000000', '', '']
mmu_state_gate_material = ['ABS+', 'ABS+', 'ABS', 'ABS', '', 'PLA CF', '', '']
mmu_state_gate_selected = 0
mmu_state_gate_speed_override = [100, 100, 100, 100, 100, 100, 100, 100]
mmu_state_gate_spool_id = [6, 4, 11, 11, -1, 10, -1, -1]
mmu_state_gate_status = [2, 2, 0, 0, 0, 0, 0, 0]
mmu_state_last_tool = 0
mmu_state_tool_selected = 0
mmu_state_tool_to_gate_map = [0, 1, 2, 3, 4, 5, 6, 7]
mmu_statistics_counters = {'mmu_restarts': {'count': 58, 'limit': -1, 'warning': ''}, 'servo_down': {'count': 419, 'limit': -1, 'warning': ''}, 'cutter_blade': {'count': 22, 'limit': -1, 'warning': ''}}
mmu_statistics_gate_0 = {'pauses': 56, 'loads': 19, 'load_distance': 221003.047, 'load_delta': 16125.085, 'unloads': 43, 'unload_distance': 176691.644, 'unload_delta': 15078.644, 'load_failures': 28, 'unload_failures': 33, 'quality': 1.0412363800194953, 'servo_retries': 7}
mmu_statistics_gate_1 = {'pauses': 70, 'loads': 15, 'load_distance': 94067.938, 'load_delta': 13922.17, 'unloads': 18, 'unload_distance': 69301.24, 'unload_delta': 6793.645, 'load_failures': 45, 'unload_failures': 14, 'quality': 0.9193174291739983, 'servo_retries': 19}
mmu_statistics_gate_2 = {'pauses': 40, 'loads': 3, 'load_distance': 68381.5, 'load_delta': 6232.055, 'unloads': 3, 'unload_distance': 49373.9, 'unload_delta': 2329.435, 'load_failures': 12, 'unload_failures': 10, 'quality': 0.8959768468539053, 'servo_retries': 2}
mmu_statistics_gate_3 = {'pauses': 21, 'loads': 0, 'load_distance': 10030.109, 'load_delta': 2630.229, 'unloads': 0, 'unload_distance': 8761.2, 'unload_delta': 2365.498, 'load_failures': 7, 'unload_failures': 4, 'quality': 0.908799593535053, 'servo_retries': 3}
mmu_statistics_gate_4 = {'pauses': 10, 'loads': 0, 'load_distance': 7339.957, 'load_delta': 493.601, 'unloads': 0, 'unload_distance': 18873.1, 'unload_delta': 71.936, 'load_failures': 3, 'unload_failures': 1, 'quality': 0.8710402360494431, 'servo_retries': 1}
mmu_statistics_gate_5 = {'pauses': 0, 'loads': 0, 'load_distance': 0.0, 'load_delta': 0.0, 'unloads': 0, 'unload_distance': 0.0, 'unload_delta': 0.0, 'load_failures': 0, 'unload_failures': 0, 'quality': -1.0, 'servo_retries': 0}
mmu_statistics_gate_6 = {'pauses': 0, 'loads': 0, 'load_distance': 0.0, 'load_delta': 0.0, 'unloads': 0, 'unload_distance': 0.0, 'unload_delta': 0.0, 'load_failures': 0, 'unload_failures': 0, 'quality': -1.0, 'servo_retries': 0}
mmu_statistics_gate_7 = {'pauses': 0, 'loads': 0, 'load_distance': 0.0, 'load_delta': 0.0, 'unloads': 0, 'unload_distance': 2223.7, 'unload_delta': 1052.692, 'load_failures': 0, 'unload_failures': 1, 'quality': 1.8652227656268565, 'servo_retries': 0}
mmu_statistics_swaps = {'load': 6720.95, 'total_swaps': 262, 'pause': 151236.47, 'pre_unload': 314.43, 'pre_load': 215.54, 'unload': 9351.6, 'swaps_since_pause_record': 37, 'post_unload': 6.65, 'total_pauses': 192, 'post_load': 1754.31, 'swaps_since_pause': 5, 'total': 10080.42}

